 135
20200314 2
20200320 14
20200321 1
20200328 1
20200331 4
20200401 4
20200403 2
20200404 5
20200405 1
20200406 7
20200407 10
20200408 18
20200409 17
20200410 25
20200411 35
20200412 20
20200413 22
20200414 40
20200415 63
20200416 44
20200417 39
20200418 35
20200419 10
20200420 46
20200421 41
20200422 43
20200423 72
20200424 88
20200425 95
20200426 40
20200427 163
20200428 82
20200429 99
20200430 125
20200501 74
20200502 113
20200503 63
20200504 142
20200505 174
20200506 131
20200507 82
20200508 87
20200509 49
20200510 22
20200511 108
20200512 79
20200513 49
20200514 81
20200515 55
20200516 32
20200517 18
20200518 107
20200519 190
20200520 256
20200521 233
20200522 238
20200523 192
20200524 93
20200525 245
20200526 172
20200527 187
20200528 183
20200529 106
20200530 101
20200531 11
20200601 194
20200602 120
20200603 99
20200604 173
20200605 291
20200606 222
20200607 19
20200608 116
20200609 235
20200610 216
20200611 344
20200612 269
20200613 51
20200614 17
20200615 102
20200616 83
20200617 67
20200618 96
20200619 109
20200620 69
20200621 15
20200622 93
20200623 86
20200624 70
20200625 96
20200626 75
20200627 62
20200628 12
20200629 75
20200630 169
20200701 157
20200702 101
20200703 86
20200704 92
20200705 18
20200706 44
20200707 73
20200708 46
20200709 40
20200710 121
20200711 147
20200712 31
20200713 32
20200714 45
20200715 62
20200716 39
20200717 66
20200718 127
20200719 85
20200720 63
20200721 133
20200722 96
20200723 73
20200724 44
20200725 169
20200726 17
20200727 90
20200728 27
20200729 56
20200730 44
20200731 43
20200801 39
20200802 18
20200803 77
20200804 52
20200805 62
20200806 67
20200807 85
20200808 54
20200809 19
20200810 165
20200811 87
20200812 92
20200813 115
20200814 137
20200815 153
20200816 27
20200817 168
20200818 172
20200819 131
20200820 197
20200821 169
20200822 145
20200823 11
20200824 201
20200825 234
20200826 164
20200827 144
20200828 200
20200829 141
20200830 18
20200831 135
20200901 186
20200902 189
20200903 76
20200904 252
20200905 78
20200906 13
20200907 197
20200908 133
20200909 191
20200910 43
20200911 264
20200912 102
20200913 16
20200914 129
20200915 115
20200916 77
20200917 108
20200918 91
20200919 62
20200920 13
20200921 77
20200922 118
20200923 81
20200924 34
20200925 116
20200926 52
20200927 5
20200928 11
20200929 28
20200930 31
20201001 20
20201002 24
20201003 8
20201004 10
20201005 26
20201006 24
20201007 24
20201008 28
20201009 32
20201010 19
20201011 16
20201012 66
20201013 56
20201014 84
20201015 24
20201016 21
20201017 33
20201018 6
20201019 26
20201020 34
20201021 39
20201022 40
20201023 32
20201024 28
20201025 5
20201026 38
20201027 23
20201028 37
20201029 43
20201030 30
20201031 34
20201101 12
20201102 33
20201103 46
20201104 42
20201105 34
20201107 26
20201108 1
20201109 41
20201110 47
20201111 32
20201112 26
20201113 74
20201114 15
20201115 18
20201116 58
20201117 71
20201118 33
20201119 42
20201120 77
20201121 47
20201122 12
20201123 64
20201124 47
20201125 57
20201126 54
20201127 89
20201128 57
20201129 21
20201130 63
20201201 32
20201202 39
20201203 34
20201204 38
20201205 33
20201207 43
20201208 16
20201209 29
20201210 36
20201211 26
20201212 40
20201213 16
20201214 46
20201215 48
20201216 59
20201217 64
20201218 46
20201219 40
20201220 17
20201221 45
20201222 32
20201223 41
20201224 22
20201225 4
20201226 46
20201227 10
20201228 46
20201229 41
20201230 69
20201231 19
20210101 7
20210102 43
20210103 5
20210104 43
20210105 49
20210106 57
20210107 64
20210108 84
20210109 59
20210110 13
20210111 71
20210112 75
20210113 64
20210114 42
20210115 52
20210116 54
20210117 29
20210118 67
20210119 51
20210120 50
20210121 39
20210122 45
20210123 36
20210124 39
20210125 57
20210126 59
20210127 71
20210128 65
20210129 69
20210130 59
20210131 32
20210201 69
20210202 63
20210203 86
20210204 65
20210205 63
20210206 58
20210207 49
20210208 99
20210209 77
20210210 79
20210211 77
20210212 83
20210213 43
20210214 24
20210215 72
20210216 77
20210217 61
20210218 76
20210219 73
20210220 46
20210221 8
20210222 70
20210223 74
20210224 89
20210225 76
20210226 67
20210227 66
20210228 34
20210301 111
20210302 82
20210303 103
20210304 100
20210305 93
20210306 97
20210307 27
20210308 107
20210309 114
20210310 119
20210311 172
20210312 119
20210313 90
20210314 63
20210315 176
20210316 153
20210317 158
20210318 169
20210319 163
20210320 174
20210321 49
20210322 258
20210323 204
20210324 181
20210325 262
20210326 217
20210327 226
20210328 74
20210329 343
20210330 232
20210331 304
20210401 135
20210402 99
20210403 262
20210404 70
20210405 364
20210406 247
20210407 325
20210408 273
20210409 256
20210410 218
20210411 38
20210412 293
20210413 258
20210414 291
20210415 259
20210416 242
20210417 215
20210418 62
20210419 291
20210420 170
20210421 248
20210422 251
20210423 232
20210424 213
20210425 45
20210426 252
20210427 203
20210428 134
20210429 191
20210430 198
20210501 61
20210502 15
20210503 191
20210504 138
20210505 136
20210506 128
20210507 152
20210508 130
20210509 18
20210510 155
20210511 147
20210512 114
20210513 153
20210514 128
20210515 85
20210516 13
20210517 151
20210518 97
20210519 98
20210520 126
20210521 92
20210522 84
20210523 9
20210524 104
20210525 86
20210526 72
20210527 91
20210528 68
20210529 60
20210530 10
20210531 82
20210601 36
20210602 84
20210603 52
20210604 223
20210605 161
20210607 89
20210608 40
20210609 239
20210610 69
20210611 65
20210612 47
20210613 8
20210614 64
20210615 50
20210616 39
20210617 44
20210618 36
20210619 44
20210620 4
20210621 106
20210622 43
20210623 51
20210624 51
20210625 70
20210626 36
20210627 8
20210628 441
20210629 9
20210630 68
20210701 53
20210702 43
20210703 35
20210704 9
20210705 45
20210706 35
20210707 36
20210708 24
20210709 30
20210710 19
20210711 7
20210712 37
20210713 50
20210714 22
20210715 29
20210716 35
20210717 25
20210718 7
20210719 23
20210720 40
20210721 22
20210722 12
20210723 15
20210724 16
20210725 4
20210726 15
20210727 27
20210728 14
20210729 19
20210730 18
20210731 15
20210801 1
20210802 26
20210803 20
20210804 23
20210805 12
20210806 11
20210807 13
20210808 6
20210809 26
20210810 18
20210811 34
20210812 23
20210813 24
20210814 15
20210815 7
20210816 31
20210817 24
20210818 31
20210819 31
20210820 31
20210821 23
20210822 9
20210823 40
20210824 30
20210825 45
20210826 40
20210827 26
20210828 22
20210829 6
20210830 21
20210831 26
20210901 18
20210902 26
20210903 16
20210904 10
20210905 4
20210906 28
20210907 30
20210908 30
20210909 22
20210910 24
20210911 22
20210912 3
20210913 22
20210914 21
20210915 36
20210916 14
20210917 22
20210918 21
20210919 7
20210920 16
20210921 20
20210922 11
20210923 34
20210924 19
20210925 23
20210926 7
20210927 20
20210928 30
20210929 21
20210930 21
20211001 16
20211002 18
20211003 6
20211004 22
20211005 22
20211006 14
20211007 9
20211008 9
20211009 15
20211010 7
20211011 17
20211012 16
20211013 14
20211014 26
20211015 24
20211016 21
20211017 12
20211018 39
20211019 49
20211020 35
20211021 16
20211022 17
20211023 13
20211024 5
20211025 39
20211026 26
20211027 58
20211028 42
20211029 44
20211030 25
20211031 9
20211101 29
20211102 33
20211103 58
20211104 44
20211105 28
20211106 37
20211107 14
20211108 60
20211109 39
20211110 68
20211111 54
20211112 44
20211113 47
20211114 23
20211115 60
20211116 53
20211117 49
20211118 62
20211119 66
20211120 45
20211121 45
20211122 97
20211123 64
20211124 55
20211125 55
20211126 51
20211127 55
20211128 13
20211129 65
20211130 74
20211201 97
20211202 51
20211203 73
20211204 63
20211205 12
20211206 79
20211207 51
20211208 45
20211209 74
20211210 58
20211211 39
20211212 7
20211213 70
20211214 63
20211215 57
20211216 52
20211217 46
20211218 28
20211219 11
20211220 40
20211221 38
20211222 49
20211223 45
20211224 56
20211225 5
20211226 21
20211227 88
20211228 110
20211229 85
20211230 129
20211231 92
20220101 23
20220102 43
20220103 181
20220104 251
20220105 367
20220106 385
20220107 357
20220108 493
20220109 233
20220110 613
20220111 713
20220112 923
20220113 1206
20220114 1528
20220115 1348
20220116 517
20220117 1791
20220118 1946
20220119 2102
20220120 1867
20220121 1823
20220122 1461
20220123 613
20220124 1785
20220125 1560
20220126 1377
20220127 1309
20220128 1095
20220129 952
20220130 309
20220131 855
20220201 564
20220202 559
20220203 466
20220204 474
20220205 309
20220206 162
20220207 314
20220208 271
20220209 240
20220210 177
20220211 164
20220212 134
20220213 63
20220214 100
20220215 101
20220216 95
20220217 89
20220218 111
20220219 264
20220220 13
20220221 56
20220222 56
20220223 47
20220224 66
20220225 25
20220226 18
20220227 2
20220228 30
20220301 16
20220302 13
20220303 21
20220304 15
20220305 16
20220306 4
20220307 16
20220308 24
20220309 12
20220310 12
20220311 21
20220312 13
20220313 2
20220314 17
20220315 11
20220316 13
20220317 20
20220318 12
20220319 17
20220320 2
20220321 10
20220322 11
20220323 12
20220324 11
20220325 12
20220326 11
20220327 2
20220328 10
20220329 10
20220330 10
20220331 3
20220401 7
20220402 2
20220404 1
20220405 9
20220406 4
20220407 3
20220408 7
20220409 8
20220411 2
20220412 5
20220413 4
20220414 3
20220415 2
20220416 6
20220418 7
20220419 5
20220420 2
20220421 2
20220422 4
20220423 4
20220424 2
20220425 3
20220426 1
20220427 6
20220428 4
20220429 2
20220430 3
20220502 2
20220503 4
20220505 2
20220506 1
20220508 1
20220509 1
20220510 4
20220511 3
20220512 1
20220514 2
20220516 2
20220518 3
20220519 2
20220520 3
20220522 3
20220523 1
20220524 4
20220526 5
20220527 4
20220528 2
20220530 2
20220531 3
20220601 6
20220602 4
20220603 4
20220604 8
20220606 9
20220607 2
20220608 6
20220609 5
20220610 7
20220611 9
20220612 3
20220613 8
20220614 11
20220615 19
20220616 12
20220617 33
20220618 17
20220620 18
20220621 18
20220622 21
20220623 30
20220624 18
20220625 23
20220626 5
20220627 21
20220628 46
20220629 19
20220630 64
20220701 40
20220702 43
20220703 9
20220704 52
20220705 26
20220706 58
20220707 66
20220708 65
20220709 73
20220710 10
20220711 91
20220712 79
20220713 130
20220714 83
20220715 121
20220716 66
20220717 21
20220718 176
20220719 138
20220720 176
20220721 176
20220722 169
20220723 137
20220724 21
20220725 262
20220726 259
20220727 265
20220728 62
20220729 78
20220730 177
20220731 37
20220801 206
20220802 178
20220803 198
20220804 164
20220805 165
20220806 66
20220807 41
20220808 196
20220809 184
20220810 158
20220811 149
20220812 133
20220813 97
20220814 29
20220815 164
20220816 181
20220817 153
20220818 155
20220819 128
20220820 92
20220821 25
20220822 203
20220823 147
20220824 120
20220825 96
20220826 90
20220827 82
20220828 10
20220829 73
20220830 13
20220831 122
20220901 67
20220902 44
20220903 57
20220904 17
20220905 57
20220906 53
20220907 47
20220908 39
20220909 36
20220910 21
20220911 4
20220912 18
20220913 27
20220914 29
20220915 41
20220916 31
20220917 16
20220918 1
20220919 33
20220920 22
20220921 13
20220922 20
20220923 14
20220924 9
20220925 6
20220926 12
20220927 13
20220928 15
20220929 11
20220930 14
20221001 5
20221002 3
20221003 10
20221004 8
20221005 5
20221006 7
20221007 4
20221008 1
20221010 4
20221011 5
20221012 5
20221013 5
20221014 4
20221015 5
20221016 2
20221017 5
20221018 1
20221019 4
20221020 7
20221021 7
20221022 5
20221023 1
20221024 14
20221025 10
20221026 2
20221027 5
20221028 4
20221029 2
20221030 1
20221031 6
20221101 2
20221102 7
20221103 8
20221104 8
20221105 4
20221106 3
20221107 8
20221108 10
20221109 8
20221110 10
20221111 9
20221112 4
20221113 2
20221114 12
20221115 10
20221116 15
20221117 19
20221118 18
20221119 18
20221120 4
20221121 21
20221122 25
20221123 29
20221124 44
20221125 34
20221126 21
20221127 20
20221128 70
20221129 69
20221130 84
20221201 90
20221202 111
20221203 80
20221204 9
20221205 185
20221206 170
20221207 166
20221208 72
20221209 75
20221210 150
20221211 48
20221212 253
20221213 154
20221214 137
20221215 125
20221216 75
20221217 28
20221218 2
